Testing!
Velocity: -36.885612, Ball X: 270, Ball Y: 375
Velocity: -19.031397, Ball X: 270, Ball Y: 379
Velocity: -10.202399, Ball X: 270, Ball Y: 380
